071727.00,3103.3181587,11925.0744586
071727.10,3103.3181587,11925.0744590
071727.20,3103.3181588,11925.0744591
071727.30,3103.3181587,11925.0744587
071727.40,3103.3181592,11925.0744594
071727.50,3103.3181593,11925.0744596
071727.60,3103.3181591,11925.0744599
071727.70,3103.3181585,11925.0744593
071727.80,3103.3181585,11925.0744597
071727.90,3103.3181588,11925.0744596
071728.00,3103.3181588,11925.0744591
071728.10,3103.3181581,11925.0744585
071728.20,3103.3181592,11925.0744597
071728.30,3103.3181593,11925.0744598
071728.40,3103.3181586,11925.0744587
071728.50,3103.3181589,11925.0744592
071728.60,3103.3181591,11925.0744590
071728.70,3103.3181590,11925.0744585
071728.80,3103.3181591,11925.0744589
071728.90,3103.3181585,11925.0744586
071729.00,3103.3181587,11925.0744581
071729.10,3103.3181587,11925.0744586
071729.20,3103.3181578,11925.0744581
071729.30,3103.3181580,11925.0744579
071729.40,3103.3181587,11925.0744588
071729.50,3103.3181570,11925.0744577
071729.60,3103.3181584,11925.0744585
071729.70,3103.3181583,11925.0744585
071729.80,3103.3181578,11925.0744588
071729.90,3103.3181580,11925.0744586
071730.00,3103.3181585,11925.0744592
071730.10,3103.3181575,11925.0744587
071730.20,3103.3181587,11925.0744594
071730.30,3103.3181575,11925.0744587
071730.40,3103.3181575,11925.0744589
071730.50,3103.3181579,11925.0744592
071730.60,3103.3181569,11925.0744583
071730.70,3103.3181581,11925.0744592
071730.80,3103.3181580,11925.0744589
071730.90,3103.3181578,11925.0744589
071731.00,3103.3181572,11925.0744588
071731.10,3103.3181582,11925.0744594
071731.20,3103.3181580,11925.0744597
071731.30,3103.3181573,11925.0744590
071731.40,3103.3181578,11925.0744594
071731.50,3103.3181574,11925.0744593
071731.60,3103.3181578,11925.0744594
071731.70,3103.3181574,11925.0744596
071731.80,3103.3181577,11925.0744597
071731.90,3103.3181561,11925.0744587
071732.00,3103.3181574,11925.0744594
071732.10,3103.3181569,11925.0744594
071732.20,3103.3181572,11925.0744595
071732.30,3103.3181566,11925.0744596
071732.40,3103.3181573,11925.0744596
071732.50,3103.3181578,11925.0744597
071732.60,3103.3181578,11925.0744592
071732.70,3103.3181573,11925.0744593
071732.80,3103.3181580,11925.0744590
071732.90,3103.3181578,11925.0744592
071733.00,3103.3181576,11925.0744587
071733.10,3103.3181587,11925.0744592
071733.20,3103.3181575,11925.0744586
071733.30,3103.3181581,11925.0744587
071733.40,3103.3181585,11925.0744589
071733.50,3103.3181583,11925.0744585
071733.60,3103.3181586,11925.0744588
071733.70,3103.3181578,11925.0744581
071733.80,3103.3181585,11925.0744587
071733.90,3103.3181581,11925.0744586
071734.00,3103.3181583,11925.0744589
071734.10,3103.3181588,11925.0744586
071734.20,3103.3181590,11925.0744591
071734.30,3103.3181588,11925.0744589
071734.40,3103.3181586,11925.0744587
071734.50,3103.3181588,11925.0744586
071734.60,3103.3181589,11925.0744590
071734.70,3103.3181586,11925.0744591
071734.80,3103.3181590,11925.0744590
071734.90,3103.3181595,11925.0744594
071735.00,3103.3181588,11925.0744589
071735.10,3103.3181592,11925.0744590
071735.20,3103.3181597,11925.0744588
071735.30,3103.3181589,11925.0744587
071735.40,3103.3181595,11925.0744593
071735.50,3103.3181588,11925.0744585
071735.60,3103.3181598,11925.0744589
071735.70,3103.3181594,11925.0744587
071735.80,3103.3181603,11925.0744594
071735.90,3103.3181597,11925.0744593
071736.00,3103.3181595,11925.0744592
071736.10,3103.3181601,11925.0744595
071736.20,3103.3181593,11925.0744590
071736.30,3103.3181592,11925.0744590
071736.40,3103.3181593,11925.0744597
071736.50,3103.3181596,11925.0744592
071736.60,3103.3181603,11925.0744604
071736.70,3103.3181599,11925.0744604
071736.80,3103.3181601,11925.0744600
071736.90,3103.3181611,11925.0744611
071737.00,3103.3181609,11925.0744609
071737.10,3103.3181609,11925.0744611
071737.20,3103.3181609,11925.0744612
071737.30,3103.3181612,11925.0744610
071737.40,3103.3181608,11925.0744610
071737.50,3103.3181615,11925.0744608
071737.60,3103.3181603,11925.0744603
071737.70,3103.3181608,11925.0744606
071737.80,3103.3181616,11925.0744606
071737.90,3103.3181608,11925.0744607
071738.00,3103.3181618,11925.0744608
071738.10,3103.3181611,11925.0744607
071738.20,3103.3181616,11925.0744609
071738.30,3103.3181612,11925.0744615
071738.40,3103.3181610,11925.0744615
071738.50,3103.3181609,11925.0744614
071738.60,3103.3181611,11925.0744617
071738.70,3103.3181616,11925.0744622
071738.80,3103.3181607,11925.0744614
071738.90,3103.3181610,11925.0744617
071739.00,3103.3181609,11925.0744610
071739.10,3103.3181604,11925.0744613
071739.20,3103.3181608,11925.0744611
071739.30,3103.3181603,11925.0744604
071739.40,3103.3181605,11925.0744608
071739.50,3103.3181603,11925.0744608
071739.60,3103.3181613,11925.0744605
071739.70,3103.3181612,11925.0744604
071739.80,3103.3181606,11925.0744599
071739.90,3103.3181610,11925.0744599
071740.00,3103.3181610,11925.0744602
071740.10,3103.3181601,11925.0744596
071740.20,3103.3181601,11925.0744592
071740.30,3103.3181602,11925.0744600
071740.40,3103.3181603,11925.0744604
071740.50,3103.3181608,11925.0744602
071740.60,3103.3181604,11925.0744602
071740.70,3103.3181598,11925.0744598
071740.80,3103.3181607,11925.0744603
071740.90,3103.3181605,11925.0744602
071741.00,3103.3181612,11925.0744608
071741.10,3103.3181614,11925.0744599
071741.20,3103.3181625,11925.0744607
071741.30,3103.3181622,11925.0744603
071741.40,3103.3181617,11925.0744602
071741.50,3103.3181611,11925.0744597
071741.60,3103.3181620,11925.0744601
071741.70,3103.3181618,11925.0744601
071741.80,3103.3181618,11925.0744598
071741.90,3103.3181617,11925.0744596
071742.00,3103.3181615,11925.0744592
071742.10,3103.3181620,11925.0744589
071742.20,3103.3181615,11925.0744585
071742.30,3103.3181629,11925.0744590
071742.40,3103.3181628,11925.0744590
071742.50,3103.3181631,11925.0744585
071742.60,3103.3181632,11925.0744588
071742.70,3103.3181630,11925.0744584
071742.80,3103.3181622,11925.0744585
071742.90,3103.3181629,11925.0744584
071743.00,3103.3181628,11925.0744586
071743.10,3103.3181630,11925.0744586
071743.20,3103.3181623,11925.0744586
071743.30,3103.3181635,11925.0744587
071743.40,3103.3181632,11925.0744584
071743.50,3103.3181641,11925.0744588
071743.60,3103.3181640,11925.0744590
071743.70,3103.3181639,11925.0744585
071743.80,3103.3181633,11925.0744587
071743.90,3103.3181633,11925.0744586
071744.00,3103.3181638,11925.0744591
071744.10,3103.3181634,11925.0744586
071744.20,3103.3181640,11925.0744586
071744.30,3103.3181641,11925.0744583
071744.40,3103.3181635,11925.0744583
071744.50,3103.3181653,11925.0744590
071744.60,3103.3181644,11925.0744577
071744.70,3103.3181651,11925.0744584
071744.80,3103.3181657,11925.0744583
071744.90,3103.3181650,11925.0744578
071745.00,3103.3181653,11925.0744584
071745.10,3103.3181654,11925.0744576
071745.20,3103.3181656,11925.0744583
071745.30,3103.3181657,11925.0744583
071745.40,3103.3181662,11925.0744580
071745.50,3103.3181660,11925.0744575
071745.60,3103.3181662,11925.0744576
071745.70,3103.3181663,11925.0744580
071745.80,3103.3181659,11925.0744574
071745.90,3103.3181662,11925.0744574
071746.00,3103.3181664,11925.0744577
071746.10,3103.3181660,11925.0744576
071746.20,3103.3181663,11925.0744579
071746.30,3103.3181674,11925.0744579
071746.40,3103.3181661,11925.0744569
071746.50,3103.3181663,11925.0744570
071746.60,3103.3181672,11925.0744575
071746.70,3103.3181666,11925.0744576
071746.80,3103.3181664,11925.0744580
071746.90,3103.3181667,11925.0744580
071747.00,3103.3181666,11925.0744583
071747.10,3103.3181665,11925.0744581
071747.20,3103.3181668,11925.0744580
071747.30,3103.3181672,11925.0744579
071747.40,3103.3181665,11925.0744573
071747.50,3103.3181666,11925.0744575
071747.60,3103.3181666,11925.0744578
071747.70,3103.3181658,11925.0744577
071747.80,3103.3181660,11925.0744577
071747.90,3103.3181660,11925.0744572
071748.00,3103.3181658,11925.0744579
071748.10,3103.3181653,11925.0744567
071748.20,3103.3181649,11925.0744570
071748.30,3103.3181645,11925.0744573
071748.40,3103.3181648,11925.0744571
071748.50,3103.3181641,11925.0744565
071748.60,3103.3181646,11925.0744571
071748.70,3103.3181631,11925.0744561
071748.80,3103.3181635,11925.0744560
071748.90,3103.3181638,11925.0744565
071749.00,3103.3181641,11925.0744567
071749.10,3103.3181637,11925.0744560
071749.20,3103.3181634,11925.0744560
071749.30,3103.3181641,11925.0744559
071749.40,3103.3181638,11925.0744559
071749.50,3103.3181642,11925.0744553
071749.60,3103.3181643,11925.0744563
071749.70,3103.3181645,11925.0744563
071749.80,3103.3181630,11925.0744546
071749.90,3103.3181637,11925.0744555
071750.00,3103.3181641,11925.0744552
071750.10,3103.3181632,11925.0744554
071750.20,3103.3181634,11925.0744554
071750.30,3103.3181642,11925.0744551
071750.40,3103.3181638,11925.0744552
071750.50,3103.3181631,11925.0744544
071750.60,3103.3181638,11925.0744544
071750.70,3103.3181632,11925.0744539
071750.80,3103.3181635,11925.0744546
071750.90,3103.3181632,11925.0744540
071751.00,3103.3181630,11925.0744535
071751.10,3103.3181630,11925.0744538
071751.20,3103.3181633,11925.0744533
071751.30,3103.3181632,11925.0744528
071751.40,3103.3181634,11925.0744528
071751.50,3103.3181633,11925.0744527
071751.60,3103.3181637,11925.0744536
071751.70,3103.3181624,11925.0744536
071751.80,3103.3181625,11925.0744529
071751.90,3103.3181634,11925.0744535
071752.00,3103.3181640,11925.0744543
071752.10,3103.3181632,11925.0744542
071752.20,3103.3181640,11925.0744546
071752.30,3103.3181636,11925.0744545
071752.40,3103.3181635,11925.0744544
071752.50,3103.3181637,11925.0744540
071752.60,3103.3181628,11925.0744544
071752.70,3103.3181633,11925.0744542
071752.80,3103.3181629,11925.0744540
071752.90,3103.3181639,11925.0744543
071753.00,3103.3181633,11925.0744539
071753.10,3103.3181632,11925.0744537
071753.20,3103.3181632,11925.0744539
071753.30,3103.3181625,11925.0744534
071753.40,3103.3181626,11925.0744536
071753.50,3103.3181615,11925.0744526
071753.60,3103.3181624,11925.0744536
071753.70,3103.3181619,11925.0744536
071753.80,3103.3181624,11925.0744536
071753.90,3103.3181629,11925.0744542
071754.00,3103.3181624,11925.0744537
071754.10,3103.3181620,11925.0744534
071754.20,3103.3181630,11925.0744547
071754.30,3103.3181624,11925.0744540
071754.40,3103.3181621,11925.0744534
071754.50,3103.3181627,11925.0744540
071754.60,3103.3181620,11925.0744534
071754.70,3103.3181624,11925.0744535
071754.80,3103.3181616,11925.0744533
071754.90,3103.3181625,11925.0744540
071755.00,3103.3181618,11925.0744536
071755.10,3103.3181620,11925.0744532
071755.20,3103.3181618,11925.0744532
071755.30,3103.3181625,11925.0744533
071755.40,3103.3181618,11925.0744523
071755.50,3103.3181615,11925.0744528
071755.60,3103.3181626,11925.0744534
071755.70,3103.3181621,11925.0744532
071755.80,3103.3181625,11925.0744527
071755.90,3103.3181634,11925.0744538
071756.00,3103.3181618,11925.0744528
071756.10,3103.3181625,11925.0744529
071756.20,3103.3181618,11925.0744523
071756.30,3103.3181626,11925.0744519
071756.40,3103.3181622,11925.0744520
071756.50,3103.3181612,11925.0744517
071756.60,3103.3181619,11925.0744518
071756.70,3103.3181618,11925.0744520
071756.80,3103.3181611,11925.0744513
071756.90,3103.3181614,11925.0744519
071757.00,3103.3181612,11925.0744515
071757.10,3103.3181618,11925.0744516
071757.20,3103.3181625,11925.0744518
071757.30,3103.3181631,11925.0744527
071757.40,3103.3181617,11925.0744518
071757.50,3103.3181626,11925.0744520
071757.60,3103.3181625,11925.0744520
071757.70,3103.3181623,11925.0744521
071757.80,3103.3181625,11925.0744524
071757.90,3103.3181633,11925.0744527
071758.00,3103.3181621,11925.0744518
071758.10,3103.3181623,11925.0744510
071758.20,3103.3181633,11925.0744518
071758.30,3103.3181631,11925.0744521
071758.40,3103.3181635,11925.0744525
071758.50,3103.3181631,11925.0744526
071758.60,3103.3181627,11925.0744522
071758.70,3103.3181632,11925.0744528
071758.80,3103.3181613,11925.0744519
071758.90,3103.3181631,11925.0744534
071759.00,3103.3181630,11925.0744534
071759.10,3103.3181628,11925.0744527
071759.20,3103.3181623,11925.0744523
071759.30,3103.3181631,11925.0744526
071759.40,3103.3181639,11925.0744532
071759.50,3103.3181615,11925.0744510
071759.60,3103.3181629,11925.0744519
071759.70,3103.3181627,11925.0744516
071759.80,3103.3181613,11925.0744505
071759.90,3103.3181620,11925.0744509
071800.00,3103.3181626,11925.0744514
071800.10,3103.3181615,11925.0744505
071800.20,3103.3181618,11925.0744507
071800.30,3103.3181620,11925.0744508
071800.40,3103.3181614,11925.0744511
071800.50,3103.3181612,11925.0744511
071800.60,3103.3181611,11925.0744511
071800.70,3103.3181607,11925.0744512
071800.80,3103.3181615,11925.0744512
071800.90,3103.3181608,11925.0744509
071801.00,3103.3181610,11925.0744511
071801.10,3103.3181609,11925.0744511
071801.20,3103.3181608,11925.0744509
071801.30,3103.3181611,11925.0744511
071801.40,3103.3181605,11925.0744505
071801.50,3103.3181608,11925.0744508
071801.60,3103.3181604,11925.0744506
071801.70,3103.3181607,11925.0744510
071801.80,3103.3181600,11925.0744503
071801.90,3103.3181608,11925.0744505
071802.00,3103.3181608,11925.0744504
071802.10,3103.3181609,11925.0744501
071802.20,3103.3181608,11925.0744502
071802.30,3103.3181616,11925.0744503
071802.40,3103.3181610,11925.0744495
071802.50,3103.3181610,11925.0744501
071802.60,3103.3181615,11925.0744501
071802.70,3103.3181619,11925.0744500
071802.80,3103.3181612,11925.0744499
071802.90,3103.3181617,11925.0744507
071803.00,3103.3181615,11925.0744497
071803.10,3103.3181620,11925.0744511
071803.20,3103.3181618,11925.0744502
071803.30,3103.3181617,11925.0744501
071803.40,3103.3181616,11925.0744500
071803.50,3103.3181619,11925.0744498
071803.60,3103.3181621,11925.0744497
071803.70,3103.3181622,11925.0744499
071803.80,3103.3181627,11925.0744499
071803.90,3103.3181628,11925.0744494
071804.00,3103.3181632,11925.0744496
071804.10,3103.3181622,11925.0744491
071804.20,3103.3181635,11925.0744491
071804.30,3103.3181631,11925.0744489
071804.40,3103.3181633,11925.0744490
071804.50,3103.3181629,11925.0744485
071804.60,3103.3181624,11925.0744480
071804.70,3103.3181631,11925.0744489
071804.80,3103.3181628,11925.0744476
071804.90,3103.3181625,11925.0744484
071805.00,3103.3181616,11925.0744476
071805.10,3103.3181632,11925.0744482
071805.20,3103.3181621,11925.0744478
071805.30,3103.3181618,11925.0744475
071805.40,3103.3181624,11925.0744479
071805.50,3103.3181618,11925.0744476
071805.60,3103.3181627,11925.0744479
071805.70,3103.3181627,11925.0744476
071805.80,3103.3181628,11925.0744475
071805.90,3103.3181626,11925.0744477
071806.00,3103.3181625,11925.0744473
071806.10,3103.3181626,11925.0744470
071806.20,3103.3181629,11925.0744473
071806.30,3103.3181627,11925.0744473
071806.40,3103.3181628,11925.0744473
071806.50,3103.3181638,11925.0744472
071806.60,3103.3181627,11925.0744467
071806.70,3103.3181633,11925.0744468
071806.80,3103.3181634,11925.0744463
071806.90,3103.3181640,11925.0744463
071807.00,3103.3181640,11925.0744462
071807.10,3103.3181643,11925.0744468
071807.20,3103.3181640,11925.0744461
071807.30,3103.3181643,11925.0744462
071807.40,3103.3181639,11925.0744459
071807.50,3103.3181642,11925.0744463
071807.60,3103.3181645,11925.0744460
071807.70,3103.3181637,11925.0744458
071807.80,3103.3181648,11925.0744458
071807.90,3103.3181649,11925.0744462
071808.00,3103.3181646,11925.0744461
071808.10,3103.3181644,11925.0744460
071808.20,3103.3181639,11925.0744454
071808.30,3103.3181645,11925.0744458
071808.40,3103.3181642,11925.0744457
071808.50,3103.3181642,11925.0744454
071808.60,3103.3181643,11925.0744456
071808.70,3103.3181638,11925.0744450
071808.80,3103.3181646,11925.0744455
071808.90,3103.3181641,11925.0744449
071809.00,3103.3181645,11925.0744448
071809.10,3103.3181645,11925.0744449
071809.20,3103.3181645,11925.0744449
071809.30,3103.3181644,11925.0744444
071809.40,3103.3181645,11925.0744448
071809.50,3103.3181633,11925.0744437
071809.60,3103.3181643,11925.0744447
071809.70,3103.3181645,11925.0744446
071809.80,3103.3181643,11925.0744443
071809.90,3103.3181652,11925.0744442
071810.00,3103.3181646,11925.0744436
071810.10,3103.3181640,11925.0744430
071810.20,3103.3181647,11925.0744436
071810.30,3103.3181652,11925.0744435
071810.40,3103.3181648,11925.0744427
071810.50,3103.3181653,11925.0744432
071810.60,3103.3181653,11925.0744435
071810.70,3103.3181651,11925.0744432
071810.80,3103.3181667,11925.0744435
071810.90,3103.3181664,11925.0744426
071811.00,3103.3181655,11925.0744422
071811.10,3103.3181668,11925.0744433
071811.20,3103.3181667,11925.0744425
071811.30,3103.3181667,11925.0744423
071811.40,3103.3181675,11925.0744433
071811.50,3103.3181665,11925.0744420
071811.60,3103.3181680,11925.0744427
071811.70,3103.3181684,11925.0744427
071811.80,3103.3181672,11925.0744415
071811.90,3103.3181682,11925.0744426
071812.00,3103.3181683,11925.0744422
071812.10,3103.3181674,11925.0744418
071812.20,3103.3181684,11925.0744423
071812.30,3103.3181683,11925.0744419
071812.40,3103.3181679,11925.0744417
071812.50,3103.3181685,11925.0744418
071812.60,3103.3181686,11925.0744415
071812.70,3103.3181685,11925.0744414
071812.80,3103.3181682,11925.0744411
071812.90,3103.3181683,11925.0744412
071813.00,3103.3181686,11925.0744407
071813.10,3103.3181681,11925.0744409
071813.20,3103.3181680,11925.0744405
071813.30,3103.3181676,11925.0744410
071813.40,3103.3181668,11925.0744404
071813.50,3103.3181683,11925.0744410
071813.60,3103.3181673,11925.0744410
071813.70,3103.3181677,11925.0744412
071813.80,3103.3181678,11925.0744412
071813.90,3103.3181670,11925.0744411
071814.00,3103.3181666,11925.0744419
071814.10,3103.3181669,11925.0744412
071814.20,3103.3181671,11925.0744413
071814.30,3103.3181670,11925.0744415
071814.40,3103.3181666,11925.0744411
071814.50,3103.3181664,11925.0744412
071814.60,3103.3181659,11925.0744407
071814.70,3103.3181670,11925.0744409
071814.80,3103.3181669,11925.0744410
071814.90,3103.3181664,11925.0744404
071815.00,3103.3181664,11925.0744399
071815.10,3103.3181665,11925.0744400
071815.20,3103.3181666,11925.0744400
071815.30,3103.3181673,11925.0744405
071815.40,3103.3181666,11925.0744405
071815.50,3103.3181663,11925.0744402
071815.60,3103.3181666,11925.0744404
071815.70,3103.3181658,11925.0744399
071815.80,3103.3181673,11925.0744409
071815.90,3103.3181663,11925.0744402
071816.00,3103.3181661,11925.0744405
071816.10,3103.3181659,11925.0744409
071816.20,3103.3181661,11925.0744408
071816.30,3103.3181665,11925.0744408
071816.40,3103.3181654,11925.0744403
071816.50,3103.3181657,11925.0744404
071816.60,3103.3181658,11925.0744406
071816.70,3103.3181671,11925.0744415
071816.80,3103.3181654,11925.0744403
071816.90,3103.3181660,11925.0744400
071817.00,3103.3181661,11925.0744403
071817.10,3103.3181656,11925.0744400
071817.20,3103.3181656,11925.0744394
071817.30,3103.3181650,11925.0744387
071817.40,3103.3181652,11925.0744387
071817.50,3103.3181654,11925.0744393
071817.60,3103.3181657,11925.0744394
071817.70,3103.3181654,11925.0744388
071817.80,3103.3181653,11925.0744387
071817.90,3103.3181664,11925.0744394
071818.00,3103.3181653,11925.0744384
071818.10,3103.3181649,11925.0744385
071818.20,3103.3181651,11925.0744381
071818.30,3103.3181649,11925.0744376
071818.40,3103.3181651,11925.0744375
071818.50,3103.3181652,11925.0744378
071818.60,3103.3181656,11925.0744383
071818.70,3103.3181647,11925.0744380
071818.80,3103.3181656,11925.0744375
071818.90,3103.3181644,11925.0744377
071819.00,3103.3181656,11925.0744382
071819.10,3103.3181648,11925.0744377
071819.20,3103.3181658,11925.0744382
071819.30,3103.3181645,11925.0744373
071819.40,3103.3181655,11925.0744370
071819.50,3103.3181662,11925.0744381
071819.60,3103.3181660,11925.0744381
071819.70,3103.3181668,11925.0744383
071819.80,3103.3181663,11925.0744372
071819.90,3103.3181668,11925.0744372
071820.00,3103.3181657,11925.0744366
071820.10,3103.3181679,11925.0744376
071820.20,3103.3181669,11925.0744370
071820.30,3103.3181668,11925.0744369
071820.40,3103.3181658,11925.0744354
071820.50,3103.3181663,11925.0744359
071820.60,3103.3181673,11925.0744365
071820.70,3103.3181673,11925.0744369
071820.80,3103.3181671,11925.0744363
071820.90,3103.3181668,11925.0744361
071821.00,3103.3181658,11925.0744353
071821.10,3103.3181658,11925.0744355
071821.20,3103.3181657,11925.0744358
071821.30,3103.3181659,11925.0744359
071821.40,3103.3181652,11925.0744351
071821.50,3103.3181660,11925.0744352
071821.60,3103.3181660,11925.0744360
071821.70,3103.3181658,11925.0744353
071821.80,3103.3181670,11925.0744358
071821.90,3103.3181671,11925.0744365
071822.00,3103.3181660,11925.0744357
071822.10,3103.3181652,11925.0744353
071822.20,3103.3181661,11925.0744351
071822.30,3103.3181671,11925.0744359
071822.40,3103.3181671,11925.0744357
071822.50,3103.3181670,11925.0744359
071822.60,3103.3181665,11925.0744344
071822.70,3103.3181675,11925.0744357
071822.80,3103.3181671,11925.0744347
071822.90,3103.3181681,11925.0744354
071823.00,3103.3181672,11925.0744343
071823.10,3103.3181674,11925.0744339
071823.20,3103.3181690,11925.0744355
071823.30,3103.3181678,11925.0744342
071823.40,3103.3181690,11925.0744349
071823.50,3103.3181693,11925.0744351
071823.60,3103.3181689,11925.0744342
071823.70,3103.3181701,11925.0744362
071823.80,3103.3181703,11925.0744356
071823.90,3103.3181705,11925.0744357
071824.00,3103.3181698,11925.0744350
071824.10,3103.3181702,11925.0744360
071824.20,3103.3181696,11925.0744351
071824.30,3103.3181698,11925.0744351
071824.40,3103.3181693,11925.0744343
071824.50,3103.3181687,11925.0744340
071824.60,3103.3181695,11925.0744339
071824.70,3103.3181701,11925.0744341
071824.80,3103.3181704,11925.0744341
071824.90,3103.3181705,11925.0744339
071825.00,3103.3181705,11925.0744339
071825.10,3103.3181701,11925.0744335
071825.20,3103.3181703,11925.0744329
071825.30,3103.3181701,11925.0744325
071825.40,3103.3181698,11925.0744322
071825.50,3103.3181711,11925.0744326
071825.60,3103.3181693,11925.0744312
071825.70,3103.3181716,11925.0744322
071825.80,3103.3181710,11925.0744322
071825.90,3103.3181704,11925.0744317
071826.00,3103.3181712,11925.0744325
071826.10,3103.3181733,11925.0744344
071826.20,3103.3181731,11925.0744336
071826.30,3103.3181721,11925.0744332
071826.40,3103.3181720,11925.0744330
071826.50,3103.3181737,11925.0744329
071826.60,3103.3181742,11925.0744331
071826.70,3103.3181748,11925.0744331
071826.80,3103.3181746,11925.0744332
071826.90,3103.3181742,11925.0744314
071827.00,3103.3181748,11925.0744320
071827.10,3103.3181736,11925.0744308
071827.20,3103.3181751,11925.0744318
071827.30,3103.3181731,11925.0744309
071827.40,3103.3181741,11925.0744311
071827.50,3103.3181747,11925.0744322
071827.60,3103.3181739,11925.0744312
071827.70,3103.3181741,11925.0744312
071827.80,3103.3181755,11925.0744321
071827.90,3103.3181735,11925.0744305
071828.00,3103.3181760,11925.0744316
071828.10,3103.3181761,11925.0744315
071828.20,3103.3181746,11925.0744299
071828.30,3103.3181756,11925.0744304
071828.40,3103.3181757,11925.0744306
071828.50,3103.3181767,11925.0744307
071828.60,3103.3181775,11925.0744307
071828.70,3103.3181765,11925.0744304
071828.80,3103.3181771,11925.0744305
071828.90,3103.3181768,11925.0744306
071829.00,3103.3181773,11925.0744308
071829.10,3103.3181767,11925.0744297
071829.20,3103.3181769,11925.0744299
071829.30,3103.3181764,11925.0744292
071829.40,3103.3181763,11925.0744293
071829.50,3103.3181770,11925.0744303
071829.60,3103.3181769,11925.0744301
071829.70,3103.3181769,11925.0744299
071829.80,3103.3181769,11925.0744300
071829.90,3103.3181747,11925.0744276
071830.00,3103.3181763,11925.0744283
071830.10,3103.3181772,11925.0744282
071830.20,3103.3181766,11925.0744284
071830.30,3103.3181766,11925.0744281
071830.40,3103.3181759,11925.0744278
071830.50,3103.3181756,11925.0744273
071830.60,3103.3181759,11925.0744273
071830.70,3103.3181758,11925.0744268
071830.80,3103.3181751,11925.0744260
071830.90,3103.3181750,11925.0744262
071831.00,3103.3181759,11925.0744268
071831.10,3103.3181758,11925.0744267
071831.20,3103.3181768,11925.0744271
071831.30,3103.3181767,11925.0744271
071831.40,3103.3181768,11925.0744278
071831.50,3103.3181764,11925.0744273
071831.60,3103.3181785,11925.0744279
071831.70,3103.3181786,11925.0744282
071831.80,3103.3181793,11925.0744300
071831.90,3103.3181806,11925.0744308
071832.00,3103.3181805,11925.0744306
071832.10,3103.3181808,11925.0744309
071832.20,3103.3181813,11925.0744310
071832.30,3103.3181823,11925.0744317
071832.40,3103.3181820,11925.0744319
071832.50,3103.3181820,11925.0744319
071832.60,3103.3181834,11925.0744330
071832.70,3103.3181839,11925.0744330
071832.80,3103.3181839,11925.0744341
071832.90,3103.3181850,11925.0744341
071833.00,3103.3181841,11925.0744336
071833.10,3103.3181848,11925.0744340
071833.20,3103.3181858,11925.0744344
071833.30,3103.3181861,11925.0744345
071833.40,3103.3181867,11925.0744346
071833.50,3103.3181871,11925.0744348
071833.60,3103.3181882,11925.0744356
071833.70,3103.3181880,11925.0744365
071833.80,3103.3181877,11925.0744359
071833.90,3103.3181893,11925.0744381
071834.00,3103.3181901,11925.0744387
071834.10,3103.3181899,11925.0744387
071834.20,3103.3181903,11925.0744385
071834.30,3103.3181915,11925.0744395
071834.40,3103.3181921,11925.0744399
071834.50,3103.3181915,11925.0744397
071834.60,3103.3181925,11925.0744403
071834.70,3103.3181930,11925.0744405
071834.80,3103.3181927,11925.0744398
071834.90,3103.3181925,11925.0744390
071835.00,3103.3181933,11925.0744400
071835.10,3103.3181928,11925.0744397
071835.20,3103.3181919,11925.0744384
071835.30,3103.3181915,11925.0744375
071835.40,3103.3181915,11925.0744382
071835.50,3103.3181912,11925.0744370
071835.60,3103.3181907,11925.0744362
071835.70,3103.3181902,11925.0744367
071835.80,3103.3181902,11925.0744359
071835.90,3103.3181898,11925.0744356
071836.00,3103.3181904,11925.0744359
071836.10,3103.3181898,11925.0744359
071836.20,3103.3181901,11925.0744359
071836.30,3103.3181914,11925.0744366
071836.40,3103.3181915,11925.0744366
071836.50,3103.3181920,11925.0744373
071836.60,3103.3181931,11925.0744376
071836.70,3103.3181931,11925.0744386
071836.80,3103.3181934,11925.0744386
071836.90,3103.3181934,11925.0744379
071837.00,3103.3181941,11925.0744386
071837.10,3103.3181925,11925.0744375
071837.20,3103.3181920,11925.0744362
071837.30,3103.3181919,11925.0744369
071837.40,3103.3181908,11925.0744348
071837.50,3103.3181909,11925.0744352
071837.60,3103.3181904,11925.0744350
071837.70,3103.3181902,11925.0744347
071837.80,3103.3181911,11925.0744353
071837.90,3103.3181910,11925.0744358
071838.00,3103.3181923,11925.0744375
071838.10,3103.3181932,11925.0744364
071838.20,3103.3181925,11925.0744366
071838.30,3103.3181930,11925.0744376
071838.40,3103.3181925,11925.0744364
071838.50,3103.3181922,11925.0744365
071838.60,3103.3181918,11925.0744361
071838.70,3103.3181907,11925.0744353
071838.80,3103.3181908,11925.0744352
071838.90,3103.3181915,11925.0744353
071839.00,3103.3181911,11925.0744348
071839.10,3103.3181923,11925.0744359
071839.20,3103.3181926,11925.0744356
071839.30,3103.3181927,11925.0744367
071839.40,3103.3181923,11925.0744350
071839.50,3103.3181919,11925.0744361
071839.60,3103.3181911,11925.0744347
071839.70,3103.3181904,11925.0744343
071839.80,3103.3181903,11925.0744336
071839.90,3103.3181908,11925.0744343
071840.00,3103.3181905,11925.0744340
071840.10,3103.3181917,11925.0744354
071840.20,3103.3181917,11925.0744351
071840.30,3103.3181917,11925.0744351
071840.40,3103.3181924,11925.0744360
071840.50,3103.3181908,11925.0744341
071840.60,3103.3181911,11925.0744343
071840.70,3103.3181909,11925.0744337
071840.80,3103.3181918,11925.0744340
071840.90,3103.3181922,11925.0744349
071841.00,3103.3181924,11925.0744340
071841.10,3103.3181930,11925.0744356
071841.20,3103.3181926,11925.0744338
071841.30,3103.3181921,11925.0744343
071841.40,3103.3181917,11925.0744331
071841.50,3103.3181916,11925.0744332
071841.60,3103.3181924,11925.0744332
071841.70,3103.3181933,11925.0744347
071841.80,3103.3181930,11925.0744338
071841.90,3103.3181931,11925.0744346
071842.00,3103.3181927,11925.0744339
071842.10,3103.3181922,11925.0744329
071842.20,3103.3181918,11925.0744328
071842.30,3103.3181923,11925.0744330
071842.40,3103.3181929,11925.0744329
071842.50,3103.3181945,11925.0744354
071842.60,3103.3181929,11925.0744327
071842.70,3103.3181942,11925.0744350
071842.80,3103.3181924,11925.0744324
071842.90,3103.3181932,11925.0744333
071843.00,3103.3181935,11925.0744335
071843.10,3103.3181951,11925.0744346
071843.20,3103.3181951,11925.0744341
071843.30,3103.3181952,11925.0744344
071843.40,3103.3181936,11925.0744326
071843.50,3103.3181937,11925.0744323
071843.60,3103.3181944,11925.0744331
071843.70,3103.3181942,11925.0744318
071843.80,3103.3181960,11925.0744339
071843.90,3103.3181942,11925.0744322
071844.00,3103.3181943,11925.0744326
071844.10,3103.3181950,11925.0744326
071844.20,3103.3181939,11925.0744320
071844.30,3103.3181959,11925.0744334
071844.40,3103.3181963,11925.0744340
071844.50,3103.3181953,11925.0744333
071844.60,3103.3181966,11925.0744349
071844.70,3103.3181963,11925.0744341
071844.80,3103.3181955,11925.0744339
071844.90,3103.3181942,11925.0744328
071845.00,3103.3181945,11925.0744326
071845.10,3103.3181956,11925.0744338
071845.20,3103.3181937,11925.0744324
071845.30,3103.3181956,11925.0744341
071845.40,3103.3181961,11925.0744348
071845.50,3103.3181961,11925.0744342
071845.60,3103.3181957,11925.0744339
071845.70,3103.3181948,11925.0744334
071845.80,3103.3181949,11925.0744327
071845.90,3103.3181938,11925.0744314
071846.00,3103.3181945,11925.0744321
071846.10,3103.3181959,11925.0744323
071846.20,3103.3181960,11925.0744326
071846.30,3103.3181953,11925.0744320
071846.40,3103.3181956,11925.0744316
071846.50,3103.3181955,11925.0744322
071846.60,3103.3181961,11925.0744315
071846.70,3103.3181961,11925.0744313
071846.80,3103.3181956,11925.0744313
071846.90,3103.3181957,11925.0744307
071847.00,3103.3181959,11925.0744318
071847.10,3103.3181965,11925.0744320
071847.20,3103.3181965,11925.0744319
071847.30,3103.3181952,11925.0744313
071847.40,3103.3181956,11925.0744318
071847.50,3103.3181947,11925.0744310
071847.60,3103.3181941,11925.0744299
071847.70,3103.3181947,11925.0744302
071847.80,3103.3181959,11925.0744306
071847.90,3103.3181954,11925.0744303
071848.00,3103.3181963,11925.0744312
071848.10,3103.3181957,11925.0744296
071848.20,3103.3181974,11925.0744312
071848.30,3103.3181958,11925.0744289
071848.40,3103.3181957,11925.0744288
071848.50,3103.3181967,11925.0744301
071848.60,3103.3181965,11925.0744289
071848.70,3103.3181964,11925.0744299
071848.80,3103.3181958,11925.0744294
071848.90,3103.3181941,11925.0744276
071849.00,3103.3181959,11925.0744298
071849.10,3103.3181956,11925.0744287
071849.20,3103.3181934,11925.0744269
071849.30,3103.3181941,11925.0744280
071849.40,3103.3181949,11925.0744280
071849.50,3103.3181955,11925.0744290
071849.60,3103.3181952,11925.0744284
071849.70,3103.3181948,11925.0744287
071849.80,3103.3181945,11925.0744286
071849.90,3103.3181966,11925.0744298
071850.00,3103.3181965,11925.0744317
071850.10,3103.3181954,11925.0744297
071850.20,3103.3181957,11925.0744303
071850.30,3103.3181950,11925.0744311
071850.40,3103.3181953,11925.0744296
071850.50,3103.3181959,11925.0744301
071850.60,3103.3181939,11925.0744282
071850.70,3103.3181956,11925.0744292
071850.80,3103.3181943,11925.0744281
071850.90,3103.3181947,11925.0744279
071851.00,3103.3181953,11925.0744288
071851.10,3103.3181936,11925.0744276
071851.20,3103.3181943,11925.0744282
071851.30,3103.3181951,11925.0744282
071851.40,3103.3181941,11925.0744275
071851.50,3103.3181945,11925.0744269
071851.60,3103.3181942,11925.0744270
071851.70,3103.3181940,11925.0744264
071851.80,3103.3181957,11925.0744279
071851.90,3103.3181948,11925.0744271
071852.00,3103.3181946,11925.0744276
071852.10,3103.3181955,11925.0744281
071852.20,3103.3181952,11925.0744277
071852.30,3103.3181948,11925.0744280
071852.40,3103.3181935,11925.0744273
071852.50,3103.3181948,11925.0744281
071852.60,3103.3181948,11925.0744267
071852.70,3103.3181944,11925.0744262
071852.80,3103.3181958,11925.0744267
071852.90,3103.3181951,11925.0744259
071853.00,3103.3181944,11925.0744261
071853.10,3103.3181964,11925.0744267
071853.20,3103.3181936,11925.0744250
071853.30,3103.3181947,11925.0744260
071853.40,3103.3181931,11925.0744244
071853.50,3103.3181940,11925.0744245
071853.60,3103.3181918,11925.0744219
071853.70,3103.3181937,11925.0744237
071853.80,3103.3181942,11925.0744245
071853.90,3103.3181922,11925.0744229
071854.00,3103.3181928,11925.0744241
071854.10,3103.3181918,11925.0744230
071854.20,3103.3181929,11925.0744245
071854.30,3103.3181904,11925.0744232
071854.40,3103.3181895,11925.0744222
071854.50,3103.3181924,11925.0744237
071854.60,3103.3181917,11925.0744232
071854.70,3103.3181900,11925.0744221
071854.80,3103.3181917,11925.0744232
071854.90,3103.3181910,11925.0744226
071855.00,3103.3181904,11925.0744222
071855.10,3103.3181919,11925.0744232
071855.20,3103.3181905,11925.0744222
071855.30,3103.3181902,11925.0744222
071855.40,3103.3181919,11925.0744234
071855.50,3103.3181914,11925.0744221
071855.60,3103.3181921,11925.0744229
071855.70,3103.3181915,11925.0744225
071855.80,3103.3181908,11925.0744220
071855.90,3103.3181911,11925.0744228
071856.00,3103.3181910,11925.0744227
071856.10,3103.3181906,11925.0744221
071856.20,3103.3181914,11925.0744230
071856.30,3103.3181925,11925.0744236
071856.40,3103.3181929,11925.0744239
071856.50,3103.3181914,11925.0744228
071856.60,3103.3181940,11925.0744243
071856.70,3103.3181902,11925.0744214
071856.80,3103.3181930,11925.0744238
071856.90,3103.3181915,11925.0744222
071857.00,3103.3181932,11925.0744231
071857.10,3103.3181943,11925.0744241
071857.20,3103.3181925,11925.0744231
071857.30,3103.3181932,11925.0744234
071857.40,3103.3181927,11925.0744224
071857.50,3103.3181932,11925.0744223
071857.60,3103.3181940,11925.0744225
071857.70,3103.3181932,11925.0744215
071857.80,3103.3181928,11925.0744209
071857.90,3103.3181922,11925.0744209
071858.00,3103.3181926,11925.0744204
071858.10,3103.3181935,11925.0744214
071858.20,3103.3181928,11925.0744205
071858.30,3103.3181925,11925.0744201
071858.40,3103.3181930,11925.0744205
071858.50,3103.3181938,11925.0744215
071858.60,3103.3181922,11925.0744202
071858.70,3103.3181933,11925.0744216
071858.80,3103.3181911,11925.0744203
071858.90,3103.3181910,11925.0744199
071859.00,3103.3181931,11925.0744215
071859.10,3103.3181909,11925.0744200
071859.20,3103.3181915,11925.0744203
071859.30,3103.3181922,11925.0744209
071859.40,3103.3181909,11925.0744203
071859.50,3103.3181918,11925.0744211
071859.60,3103.3181907,11925.0744203
071859.70,3103.3181905,11925.0744196
071859.80,3103.3181897,11925.0744190
071859.90,3103.3181916,11925.0744209
071900.00,3103.3181903,11925.0744189
071900.10,3103.3181903,11925.0744200
071900.20,3103.3181907,11925.0744200
071900.30,3103.3181902,11925.0744193
071900.40,3103.3181910,11925.0744203
071900.50,3103.3181899,11925.0744190
071900.60,3103.3181915,11925.0744207
071900.70,3103.3181896,11925.0744188
071900.80,3103.3181911,11925.0744197
071900.90,3103.3181908,11925.0744197
071901.00,3103.3181903,11925.0744202
071901.10,3103.3181905,11925.0744196
071901.20,3103.3181899,11925.0744190
071901.30,3103.3181910,11925.0744203
071901.40,3103.3181889,11925.0744186
071901.50,3103.3181914,11925.0744205
071901.60,3103.3181899,11925.0744189
071901.70,3103.3181901,11925.0744197
071901.80,3103.3181905,11925.0744197
071901.90,3103.3181891,11925.0744193
071902.00,3103.3181918,11925.0744207
071902.10,3103.3181883,11925.0744189
071902.20,3103.3181909,11925.0744208
071902.30,3103.3181890,11925.0744187
071902.40,3103.3181901,11925.0744196
071902.50,3103.3181889,11925.0744181
071902.60,3103.3181894,11925.0744194
071902.70,3103.3181886,11925.0744184
071902.80,3103.3181886,11925.0744199
071902.90,3103.3181886,11925.0744187
071903.00,3103.3181873,11925.0744184
071903.10,3103.3181887,11925.0744191
071903.20,3103.3181882,11925.0744187
071903.30,3103.3181889,11925.0744196
071903.40,3103.3181871,11925.0744169
071903.50,3103.3181900,11925.0744198
071903.60,3103.3181872,11925.0744182
071903.70,3103.3181893,11925.0744190
071903.80,3103.3181882,11925.0744179
071903.90,3103.3181889,11925.0744193
071904.00,3103.3181889,11925.0744178
071904.10,3103.3181893,11925.0744188
071904.20,3103.3181890,11925.0744189
071904.30,3103.3181899,11925.0744196
071904.40,3103.3181892,11925.0744185
071904.50,3103.3181896,11925.0744181
071904.60,3103.3181900,11925.0744181
071904.70,3103.3181892,11925.0744184
071904.80,3103.3181897,11925.0744191
071904.90,3103.3181905,11925.0744183
071905.00,3103.3181905,11925.0744183
071905.10,3103.3181883,11925.0744169
071905.20,3103.3181910,11925.0744176
071905.30,3103.3181891,11925.0744171
071905.40,3103.3182006,11925.0743961
071905.50,3103.3182773,11925.0744719
071905.60,3103.3183382,11925.0744816
071905.70,3103.3183572,11925.0745115
071905.80,3103.3184187,11925.0745092
071905.90,3103.3184501,11925.0745433
071906.00,3103.3184588,11925.0745732
071906.10,3103.3185629,11925.0746017
071906.20,3103.3185981,11925.0746588
071906.30,3103.3186475,11925.0746967
071906.40,3103.3186795,11925.0747239
071906.50,3103.3186773,11925.0747779
071906.60,3103.3186774,11925.0748087
071906.70,3103.3186178,11925.0748566
071906.80,3103.3185682,11925.0749279
071906.90,3103.3184361,11925.0749659
071907.00,3103.3182528,11925.0750556
071907.10,3103.3181292,11925.0752464
071907.20,3103.3179728,11925.0753183
071907.30,3103.3177819,11925.0755232
071907.40,3103.3174527,11925.0755885
071907.50,3103.3172530,11925.0757078
071907.60,3103.3169738,11925.0758140
071907.70,3103.3167350,11925.0757994
071907.80,3103.3163382,11925.0756719
071907.90,3103.3157477,11925.0754141
071908.00,3103.3151662,11925.0753285
071908.10,3103.3149593,11925.0751659
071908.20,3103.3146775,11925.0749930
071908.30,3103.3142125,11925.0748167
071908.40,3103.3138971,11925.0745453
071908.50,3103.3135538,11925.0743492
071908.60,3103.3131565,11925.0743435
071908.70,3103.3127641,11925.0743801
071908.80,3103.3124414,11925.0747416
071908.90,3103.3119253,11925.0750013
071909.00,3103.3113334,11925.0751107
071909.10,3103.3108502,11925.0750271
071909.20,3103.3103778,11925.0750326
071909.30,3103.3101038,11925.0750380
071909.40,3103.3096468,11925.0748746
071909.50,3103.3091672,11925.0749169
071909.60,3103.3088095,11925.0750914
071909.70,3103.3088213,11925.0752555
071909.80,3103.3088608,11925.0753803
071909.90,3103.3090438,11925.0755039
071910.00,3103.3087151,11925.0796437
071910.10,3103.3088282,11925.0756569
071910.20,3103.3086922,11925.0758733
071910.30,3103.3083740,11925.0758435
071910.40,3103.3086494,11925.0763113
071910.50,3103.3089655,11925.0766325
071910.60,3103.3091667,11925.0768337
071910.70,3103.3091263,11925.0771597
071910.80,3103.3091106,11925.0777432
071910.90,3103.3092724,11925.0781551
071911.00,3103.3090487,11925.0786830
071911.10,3103.3087151,11925.0796437
071911.20,3103.3087151,11925.0796437
071911.30,3103.3087151,11925.0796437
071911.40,3103.3083700,11925.0812593
071911.50,3103.3085566,11925.0825233
071911.60,3103.3089223,11925.0838229
071911.70,3103.3094571,11925.0855229
071911.80,3103.3097938,11925.0870528
071911.90,3103.3102499,11925.0886521
071912.00,3103.3108865,11925.0906865
071912.10,3103.3111880,11925.0922846
071912.20,3103.3114840,11925.0937658
071912.30,3103.3114742,11925.0954125
071912.40,3103.3116840,11925.0963088
071912.50,3103.3119737,11925.0966532
071912.60,3103.3119046,11925.0977248
071912.70,3103.3119032,11925.0993209
071912.80,3103.3118427,11925.1013962
071912.90,3103.3120249,11925.1031974
071913.00,3103.3122559,11925.1050238
071913.10,3103.3125865,11925.1065068
071913.20,3103.3130044,11925.1082024
071913.30,3103.3131376,11925.1098073
071913.40,3103.3131288,11925.1111545
071913.50,3103.3129486,11925.1124364
071913.60,3103.3129089,11925.1134319
071913.70,3103.3132692,11925.1146751
071913.80,3103.3135693,11925.1157556
071913.90,3103.3137544,11925.1169058
071914.00,3103.3140586,11925.1181487
071914.10,3103.3141143,11925.1190759
071914.20,3103.3143386,11925.1205352
071914.30,3103.3146932,11925.1221035
071914.40,3103.3145542,11925.1230630
071914.50,3103.3146405,11925.1241212
071914.60,3103.3147424,11925.1249861
071914.70,3103.3147186,11925.1256975
071914.80,3103.3152918,11925.1269594
071914.90,3103.3153836,11925.1280320
071915.00,3103.3154838,11925.1295333
071915.10,3103.3153103,11925.1304802
071915.20,3103.3153446,11925.1314783
071915.30,3103.3151028,11925.1326530
071915.40,3103.3151178,11925.1337644
071915.50,3103.3150682,11925.1348340
071915.60,3103.3152765,11925.1357970
071915.70,3103.3155375,11925.1367646
071915.80,3103.3156907,11925.1376928
071915.90,3103.3158096,11925.1384945
071916.00,3103.3157948,11925.1391335
071916.10,3103.3159473,11925.1400796
071916.20,3103.3158442,11925.1411889
071916.30,3103.3160573,11925.1422146
071916.40,3103.3160340,11925.1432138
071916.50,3103.3161713,11925.1444105
071916.60,3103.3160811,11925.1450393
071916.70,3103.3165567,11925.1456974
071916.80,3103.3169771,11925.1472309
071916.90,3103.3172275,11925.1481636
071917.00,3103.3172626,11925.1491545
071917.10,3103.3173592,11925.1496972
071917.20,3103.3178565,11925.1506084
071917.30,3103.3183758,11925.1512480
071917.40,3103.3185474,11925.1519182
071917.50,3103.3188155,11925.1524798
071917.60,3103.3187625,11925.1533784
071917.70,3103.3185359,11925.1540082
071917.80,3103.3180472,11925.1548858
071917.90,3103.3176665,11925.1556792
071918.00,3103.3171884,11925.1563172
071918.10,3103.3168773,11925.1568969
071918.20,3103.3161514,11925.1578044
071918.30,3103.3156971,11925.1587396
071918.40,3103.3157050,11925.1596947
071918.50,3103.3154412,11925.1604533
071918.60,3103.3150703,11925.1611617
071918.70,3103.3151293,11925.1621704
071918.80,3103.3149132,11925.1633924
071918.90,3103.3148003,11925.1642386
071919.00,3103.3145415,11925.1651165
071919.10,3103.3144718,11925.1657835
071919.20,3103.3145481,11925.1665460
071919.30,3103.3148974,11925.1671379
071919.40,3103.3149844,11925.1677415
071919.50,3103.3145363,11925.1683170
071919.60,3103.3144161,11925.1684792
071919.70,3103.3142259,11925.1683748
071919.80,3103.3143369,11925.1689321
071919.90,3103.3142905,11925.1693455
071920.00,3103.3141519,11925.1694364
071920.10,3103.3138696,11925.1692414
071920.20,3103.3133357,11925.1687549
071920.30,3103.3128657,11925.1676746
071920.40,3103.3124828,11925.1666903
071920.50,3103.3123573,11925.1665956
071920.60,3103.3122070,11925.1671158
071920.70,3103.3120885,11925.1676513
071920.80,3103.3118359,11925.1685244
071920.90,3103.3116132,11925.1693880
071921.00,3103.3114342,11925.1704204
071921.10,3103.3109748,11925.1713364
071921.20,3103.3107135,11925.1719986
071921.30,3103.3102069,11925.1730135
071921.40,3103.3096607,11925.1738787
071921.50,3103.3092191,11925.1745709
071921.60,3103.3089127,11925.1751170
071921.70,3103.3087061,11925.1754523
071921.80,3103.3085793,11925.1758364
071921.90,3103.3083096,11925.1764569
071922.00,3103.3080573,11925.1769495
071922.10,3103.3078744,11925.1772030
071922.20,3103.3075096,11925.1777598
071922.30,3103.3071204,11925.1783738
071922.40,3103.3067889,11925.1790501
071922.50,3103.3066041,11925.1796138
071922.60,3103.3063862,11925.1798812
071922.70,3103.3063536,11925.1800537
071922.80,3103.3061050,11925.1805938
071922.90,3103.3059598,11925.1811111
071923.00,3103.3058471,11925.1815199
071923.10,3103.3057410,11925.1820743
071923.20,3103.3056341,11925.1826646
071923.30,3103.3053474,11925.1834051
071923.40,3103.3052205,11925.1839754
071923.50,3103.3051163,11925.1845343
071923.60,3103.3053467,11925.1851274
071923.70,3103.3051763,11925.1859520
071923.80,3103.3050160,11925.1866855
071923.90,3103.3047724,11925.1873835
071924.00,3103.3044921,11925.1880446
071924.10,3103.3044192,11925.1887858
071924.20,3103.3042062,11925.1897376
071924.30,3103.3041207,11925.1906167
071924.40,3103.3038709,11925.1915657
071924.50,3103.3037283,11925.1924347
071924.60,3103.3037502,11925.1929471
071924.70,3103.3037033,11925.1936349
071924.80,3103.3038190,11925.1943644
071924.90,3103.3039624,11925.1952757
071925.00,3103.3039944,11925.1961444
071925.10,3103.3042210,11925.1967626
071925.20,3103.3042942,11925.1975995
071925.30,3103.3041425,11925.1985511
071925.40,3103.3040930,11925.1999072
071925.50,3103.3042310,11925.2009039
071925.60,3103.3042014,11925.2019300
071925.70,3103.3041036,11925.2031498
071925.80,3103.3042534,11925.2042654
071925.90,3103.3047338,11925.2055575
071926.00,3103.3049875,11925.2070263
071926.10,3103.3050689,11925.2080068
071926.20,3103.3051543,11925.2091244
071926.30,3103.3053965,11925.2100337
071926.40,3103.3053032,11925.2113251
071926.50,3103.3053045,11925.2120334
071926.60,3103.3054065,11925.2128093
071926.70,3103.3055187,11925.2135152
071926.80,3103.3057479,11925.2146069
071926.90,3103.3060727,11925.2157257
071927.00,3103.3058933,11925.2167301
071927.10,3103.3056799,11925.2174247
071927.20,3103.3052848,11925.2181168
071927.30,3103.3050892,11925.2191415
071927.40,3103.3050681,11925.2198382
071927.50,3103.3049783,11925.2206193
071927.60,3103.3050450,11925.2210715
071927.70,3103.3048546,11925.2216934
071927.80,3103.3047368,11925.2225497
071927.90,3103.3045046,11925.2233595
071928.00,3103.3038913,11925.2236378
071928.10,3103.3039947,11925.2244351
071928.20,3103.3042509,11925.2252992
071928.30,3103.3087151,11925.0796437
071928.40,3103.3047640,11925.2271482
071928.50,3103.3087151,11925.0796437
071928.60,3103.3050422,11925.2288452
071928.70,3103.3087151,11925.0796437
071928.80,3103.3050496,11925.2307621
071928.90,3103.3087151,11925.0796437
071929.00,3103.3052610,11925.2328599
071929.10,3103.3051984,11925.2336080
071929.20,3103.3057628,11925.2344998
071929.30,3103.3063491,11925.2355215
071929.40,3103.3066486,11925.2364035
071929.50,3103.3066264,11925.2373534
071929.60,3103.3065281,11925.2382688
071929.70,3103.3069910,11925.2388020
071929.80,3103.3071441,11925.2397679
071929.90,3103.3074922,11925.2407592
071930.00,3103.3077028,11925.2415304
071930.10,3103.3077850,11925.2419703
071930.20,3103.3081014,11925.2428787
071930.30,3103.3083714,11925.2438114
071930.40,3103.3085862,11925.2447187
071930.50,3103.3086183,11925.2455149
071930.60,3103.3089105,11925.2458316
071930.70,3103.3093171,11925.2463038
071930.80,3103.3094815,11925.2468119
071930.90,3103.3096616,11925.2475814
071931.00,3103.3097213,11925.2482953
071931.10,3103.3096547,11925.2487594
071931.20,3103.3094399,11925.2495498
071931.30,3103.3093268,11925.2501714
071931.40,3103.3092178,11925.2508173
071931.50,3103.3092965,11925.2515479
071931.60,3103.3093633,11925.2522316
071931.70,3103.3091431,11925.2527944
071931.80,3103.3090892,11925.2535180
071931.90,3103.3090823,11925.2541418
071932.00,3103.3092699,11925.2545249
071932.10,3103.3094002,11925.2546887
071932.20,3103.3095763,11925.2552195
071932.30,3103.3101829,11925.2549675
071932.40,3103.3108153,11925.2548743
071932.50,3103.3116574,11925.2548832
071932.60,3103.3123219,11925.2546630
071932.70,3103.3131075,11925.2542185
071932.80,3103.3138863,11925.2537412
071932.90,3103.3147495,11925.2531317
071933.00,3103.3155403,11925.2526106
071933.10,3103.3160478,11925.2524479
071933.20,3103.3164643,11925.2524361
071933.30,3103.3170222,11925.2522538
071933.40,3103.3177155,11925.2518237
071933.50,3103.3179926,11925.2522499
071933.60,3103.3183667,11925.2520172
071933.70,3103.3187803,11925.2517929
071933.80,3103.3192065,11925.2515952
071933.90,3103.3196726,11925.2511271
071934.00,3103.3198398,11925.2512210
071934.10,3103.3202565,11925.2509655
071934.20,3103.3210779,11925.2508737
071934.30,3103.3218002,11925.2509159
071934.40,3103.3225885,11925.2509961
071934.50,3103.3232048,11925.2518039
071934.60,3103.3240492,11925.2517190
071934.70,3103.3248864,11925.2516716
071934.80,3103.3257828,11925.2515726
071934.90,3103.3266979,11925.2514994
071935.00,3103.3276338,11925.2515001
071935.10,3103.3286351,11925.2514367
071935.20,3103.3297132,11925.2515221
071935.30,3103.3307105,11925.2514231
071935.40,3103.3316732,11925.2515890
071935.50,3103.3323491,11925.2519239
071935.60,3103.3330631,11925.2521719
071935.70,3103.3340898,11925.2523017
071935.80,3103.3349816,11925.2528572
071935.90,3103.3359538,11925.2532860
071936.00,3103.3369620,11925.2537200
071936.10,3103.3380476,11925.2541411
071936.20,3103.3391850,11925.2543102
071936.30,3103.3402214,11925.2546850
071936.40,3103.3411960,11925.2552551
071936.50,3103.3421027,11925.2556837
071936.60,3103.3429785,11925.2560264
071936.70,3103.3439290,11925.2564088
071936.80,3103.3449148,11925.2565862
071936.90,3103.3459031,11925.2567995
071937.00,3103.3469555,11925.2572135
071937.10,3103.3476536,11925.2572342
071937.20,3103.3482209,11925.2572233
071937.30,3103.3485840,11925.2571340
071937.40,3103.3488713,11925.2570580
071937.50,3103.3493698,11925.2573390
071937.60,3103.3498358,11925.2576192
071937.70,3103.3503314,11925.2579126
071937.80,3103.3510430,11925.2582195
071937.90,3103.3515839,11925.2583523
071938.00,3103.3087151,11925.0796437
071938.10,3103.3527951,11925.2588518
071938.20,3103.3534828,11925.2596020
071938.30,3103.3087151,11925.0796437
071938.40,3103.3546222,11925.2604074
071938.50,3103.3550720,11925.2608545
071938.60,3103.3554907,11925.2608277
071938.70,3103.3557213,11925.2612137
071938.80,3103.3558415,11925.2611911
071938.90,3103.3563008,11925.2618147
071939.00,3103.3570566,11925.2629617
071939.10,3103.3575297,11925.2635336
071939.20,3103.3580504,11925.2636671
071939.30,3103.3586851,11925.2643438
071939.40,3103.3590275,11925.2648625
071939.50,3103.3592379,11925.2651981
071939.60,3103.3593255,11925.2656734
071939.70,3103.3595882,11925.2663633
071939.80,3103.3594331,11925.2665598
071939.90,3103.3593111,11925.2667712
071940.00,3103.3594144,11925.2670534
071940.10,3103.3593991,11925.2671042
071940.20,3103.3596775,11925.2674508
071940.30,3103.3599088,11925.2677264
071940.40,3103.3600105,11925.2679120
071940.50,3103.3606952,11925.2683762
071940.60,3103.3613861,11925.2688108
071940.70,3103.3620120,11925.2692834
071940.80,3103.3625091,11925.2698623
071940.90,3103.3630298,11925.2704690
071941.00,3103.3635690,11925.2710957
071941.10,3103.3641810,11925.2718297
071941.20,3103.3644943,11925.2723003
071941.30,3103.3649518,11925.2728839
071941.40,3103.3654251,11925.2736674
071941.50,3103.3658553,11925.2744986
071941.60,3103.3662963,11925.2754003
071941.70,3103.3662562,11925.2762307
071941.80,3103.3663984,11925.2770072
071941.90,3103.3665363,11925.2776766
071942.00,3103.3667466,11925.2784209
071942.10,3103.3669864,11925.2793227
071942.20,3103.3670169,11925.2801393
071942.30,3103.3672718,11925.2810788
071942.40,3103.3674316,11925.2822584
071942.50,3103.3675251,11925.2835392
071942.60,3103.3678558,11925.2848318
071942.70,3103.3683478,11925.2857806
071942.80,3103.3683408,11925.2865356
071942.90,3103.3685450,11925.2874035
071943.00,3103.3685338,11925.2884557
071943.10,3103.3683568,11925.2890634
071943.20,3103.3683910,11925.2896634
071943.30,3103.3685624,11925.2904321
071943.40,3103.3686252,11925.2912557
071943.50,3103.3687205,11925.2918731
071943.60,3103.3689014,11925.2923942
071943.70,3103.3691088,11925.2929443
071943.80,3103.3694144,11925.2936473
071943.90,3103.3696964,11925.2943774
071944.00,3103.3696820,11925.2949426
071944.10,3103.3698522,11925.2958096
071944.20,3103.3700139,11925.2967125
071944.30,3103.3087151,11925.0796437
071944.40,3103.3705610,11925.2983170
071944.50,3103.3705841,11925.2992431
071944.60,3103.3706497,11925.2998563
071944.70,3103.3709946,11925.3003939
071944.80,3103.3709926,11925.3009440
071944.90,3103.3710912,11925.3014872
071945.00,3103.3710453,11925.3024557
071945.10,3103.3707544,11925.3031475
071945.20,3103.3706808,11925.3039501
071945.30,3103.3706982,11925.3049266
071945.40,3103.3706585,11925.3061162
071945.50,3103.3704763,11925.3074371
071945.60,3103.3706675,11925.3080764
071945.70,3103.3709663,11925.3088271
071945.80,3103.3713289,11925.3094340
071945.90,3103.3712530,11925.3103563
071946.00,3103.3712089,11925.3113270
071946.10,3103.3707803,11925.3122441
071946.20,3103.3708635,11925.3131124
071946.30,3103.3707280,11925.3142290
071946.40,3103.3704634,11925.3154628
071946.50,3103.3702272,11925.3168405
071946.60,3103.3697497,11925.3181024
071946.70,3103.3692981,11925.3194787
071946.80,3103.3687777,11925.3207372
071946.90,3103.3681368,11925.3220105
071947.00,3103.3673152,11925.3233063
071947.10,3103.3665086,11925.3240903
071947.20,3103.3654410,11925.3251159
071947.30,3103.3639953,11925.3258246
071947.40,3103.3626973,11925.3267637
071947.50,3103.3617532,11925.3281008
071947.60,3103.3614736,11925.3284165
071947.70,3103.3613382,11925.3287145
071947.80,3103.3611774,11925.3289900
071947.90,3103.3607458,11925.3292148
071948.00,3103.3603252,11925.3297887
071948.10,3103.3597562,11925.3306913
071948.20,3103.3590877,11925.3314743
071948.30,3103.3587003,11925.3326278
071948.40,3103.3583154,11925.3338539
071948.50,3103.3580604,11925.3352228
071948.60,3103.3575859,11925.3360357
071948.70,3103.3571063,11925.3363471
071948.80,3103.3566887,11925.3360188
071948.90,3103.3560909,11925.3351743
071949.00,3103.3556033,11925.3342541
071949.10,3103.3554343,11925.3337760
071949.20,3103.3552869,11925.3330612
071949.30,3103.3551664,11925.3326708
071949.40,3103.3551586,11925.3319465
071949.50,3103.3552487,11925.3310157
071949.60,3103.3553760,11925.3297756
071949.70,3103.3556029,11925.3284264
071949.80,3103.3558736,11925.3271113
071949.90,3103.3560934,11925.3259451
071950.00,3103.3561592,11925.3251446
071950.10,3103.3560857,11925.3242153
071950.20,3103.3558909,11925.3234501
071950.30,3103.3556094,11925.3229034
071950.40,3103.3552665,11925.3224609
071950.50,3103.3548676,11925.3220771
071950.60,3103.3544292,11925.3217394
071950.70,3103.3539539,11925.3214257
071950.80,3103.3535236,11925.3212146
071950.90,3103.3530597,11925.3209516
071951.00,3103.3525675,11925.3206480
071951.10,3103.3520416,11925.3202927
071951.20,3103.3514476,11925.3198172
071951.30,3103.3508015,11925.3192615
071951.40,3103.3501280,11925.3186523
